-0.97622329
-0.74525949
-0.95775821
-0.84438494
-0.33239494
-0.9569338
0.20941627
-0.74074436
0.44452851
-0.46648732
-0.4364874
-0.77093063
-1.0472295
-0.89325211
-0.95436513
-0.30895461
0.14800489
0.019221346
0.090169114
0.88154226
1.0037942
-0.74181567
0.96983926
0.56898864
1.108525
1.1380877
0.29773412
-0.69936676
0.48507459
-0.43844227
0.70968506
0.39060897
-0.95177277
-0.026764776
0.85617415
0.90815855
-0.30784417
-0.46869029
0.44332531
-0.29100242
1.0175918
0.434785
-0.7871482
1.1338735
0.31795561
0.13208526
-0.44227436
-0.73159053
