661504
645
0.0137913 0.0916669 0.0219462
661504
645
0.00968487 0.0765468 0.0149357
661504
645
0.0182786 0.06428 0.0148774
661504
645
0.0234165 0.083481 0.0223504
661504
645
0.00413685 0.0963396 0.0130282
661504
645
0.0161071 0.0672649 0.014351
661504
645
0.0026502 0.0991869 0.00943605
661504
645
0.00498752 0.0843056 0.0109594
661504
645
0.00361419 0.0704009 0.00851903
661504
645
0.0989208 0.0474049 0.0299261
661504
645
0.0141119 0.0984038 0.0216802
661504
645
0.0535017 0.0858612 0.0355264
661504
645
0.0131678 0.0885671 0.0183187
661504
645
0.00760773 0.101937 0.0161337
661504
645
0.0062546 0.0927878 0.0124545
661504
645
0.0124983 0.0847531 0.0180854
661504
645
0.074615 0.0899352 0.0435557
661504
645
0.0133545 0.0795007 0.0156904
661504
645
0.0141635 0.0902806 0.0159535
661504
645
0.0111479 0.0808521 0.0151117
661504
645
0.0146382 0.0762989 0.0161557
661504
645
0.012579 0.0959344 0.0184984
661504
645
0.0421633 0.0535688 0.0188208
661504
645
0.039425 0.0659558 0.0228564
661504
645
0.0544223 0.064243 0.0259701
661504
645
0.0105936 0.0631364 0.0109986
661504
645
0.0196167 0.099242 0.0214734
661504
645
0.0281858 0.0642181 0.0199924
661504
645
0.0210325 0.0900894 0.023958
661504
645
0.00835657 0.0817818 0.0137332
661504
645
0.0549008 0.0256325 0.0113262
661504
645
0.0502005 0.0626701 0.0278378
661504
645
0.0196558 0.0741825 0.0175983
661504
645
0.0672236 0.0500927 0.022175
661504
645
0.00880889 0.0805392 0.0127321
661504
645
0.0772639 0.0815203 0.0426422
661504
645
0.0134245 0.0803434 0.0157543
661504
645
0.0128808 0.0618938 0.0124528
661504
645
0.0282905 0.0742475 0.0185624
661504
645
0.0272003 0.0441857 0.0121957
661794
645
0.0115161 0.0834119 0.0160395
661794
645
0.00988959 0.0687669 0.0112914
661794
645
0.00916025 0.0760607 0.0120035
661794
645
0.00930531 0.0887519 0.0129683
661794
645
0.00969893 0.0857125 0.0146359
661794
645
0.0087533 0.0722755 0.0100099
661794
645
0.0457261 0.0819583 0.0330065
661794
645
0.0485885 0.0891826 0.0356544
661794
645
0.0514271 0.0884112 0.0374047
661794
645
0.0480096 0.0971337 0.0389026
661794
645
0.0633293 0.0888403 0.0421824
661794
645
0.0524584 0.114337 0.0474667
661794
645
0.0603375 0.081208 0.0379997
661794
645
0.0537296 0.0864 0.035874
661794
645
0.0436743 0.0979723 0.0382438
661794
645
0.0552363 0.0985397 0.0426005
661794
645
0.0603726 0.089784 0.0408994
661794
645
0.0443946 0.0719416 0.0291605
661794
645
0.0350796 0.0715192 0.0243504
661794
645
0.0341662 0.075012 0.0243503
661794
645
0.0164555 0.0698299 0.0155005
661794
645
0.0115161 0.0834119 0.0160395
661794
645
0.00988959 0.0687669 0.0112914
661794
645
0.00916025 0.0760607 0.0120035
661794
645
0.00930531 0.0887519 0.0129683
661794
645
0.00969893 0.0857125 0.0146359
661794
645
0.0087533 0.0722755 0.0100099
661504
645
0.0200038 0.0601546 0.0139628
661504
645
0.0107058 0.0654592 0.011433
661504
645
0.0307722 0.0269265 0.00921871
661504
645
0.0031413 0.0715483 0.0053834
661504
645
0.0152373 0.0769867 0.0168968
661504
645
0.0385587 0.0584826 0.0206245
661504
645
0.0883998 0.0607479 0.0364234
661504
645
0.00174792 0.0676186 0.00517605
661504
645
0.0665234 0.0445099 0.0216873
661504
645
0.0108535 0.0813729 0.0137624
661504
645
0.022872 0.0800872 0.0221717
661504
645
0.074452 0.0659913 0.0379216
661504
645
0.0180052 0.0720555 0.0171578
661504
645
0.0226164 0.0721447 0.0186625
661504
645
0.0373796 0.0610661 0.0213922
661504
645
0.0188203 0.0707486 0.0161439
661504
645
0.044629 0.061531 0.0238329
661504
645
0.0570477 0.0693737 0.0321706
661504
645
0.025257 0.0789957 0.0210208
661504
645
0.00814016 0.0796473 0.0126394
661504
645
0.0726304 0.0935225 0.0523098
661504
645
0.0211358 0.0462801 0.00979072
661504
645
0.0750052 0.0233007 0.0105488
661504
645
0.0218793 0.0423852 0.0118599
661504
645
0.0145141 0.0601198 0.0120909
661504
645
0.0290941 0.0467155 0.0139252
661504
645
0.00889601 0.0709353 0.0113208
661504
645
0.00880889 0.0805392 0.0127321
661794
645
0.0381763 0.0606881 0.0210536
661794
645
0.0385937 0.0641544 0.0210552
661794
645
0.0373342 0.0431819 0.0150681
661794
645
0.0238094 0.0579236 0.0137536
661794
645
0.0327238 0.0540501 0.0166319
